1.913712159713896188e+00
1.786246596232499151e+00
1.714782865920869481e+00
1.631172225498917161e+00
1.587164072471089815e+00
1.546749424698329101e+00
1.543252125352916115e+00
1.469969502061900579e+00
1.439941149418896948e+00
1.403333138947439718e+00
1.337992836225150750e+00
1.294728945741558945e+00
1.292157435653233266e+00
1.270044806452080843e+00
1.204261500292485243e+00
1.167563315665367751e+00
1.135175059101369177e+00
1.210736495669525459e+00
1.148592731740215145e+00
9.625119124308670893e-01
9.474606542304010448e-01
8.582095420006478070e-01
8.418073559751605428e-01
7.816654243091545329e-01
7.283814534102336369e-01
7.218247045384775795e-01
7.003714268750483862e-01
7.182004003241511114e-01
6.980307437405728344e-01
6.175773903875068083e-01
6.149570238472211736e-01
5.955027948511708580e-01
6.355413002542930068e-01
6.230333800363068164e-01
5.845369320104617517e-01
5.723465116897431537e-01
5.354860796786771182e-01
5.077162449902826724e-01
4.909387182481217970e-01
4.350445983433487429e-01
3.376779414639614618e-01
3.364190517085613452e-01
3.189966126243666822e-01
3.138981686960352624e-01
2.996452171023529232e-01
3.211801056814665989e-01
2.949607339235815751e-01
2.951985378076534272e-01
2.733477781314661015e-01
2.666033961985370682e-01
3.060569187202075714e-01
2.803965568542480247e-01
2.290062602203671305e-01
2.111992920979414712e-01
2.071232455791813254e-01
2.204526363032879299e-01
2.198850830002586354e-01
2.276577637927366948e-01
2.226788478322548337e-01
1.915325603862800263e-01
1.561471721913554878e-01
1.442836034415972135e-01
1.227615597224471639e-01
1.302865262078766739e-01
1.571020553607751780e-01
1.152554507302765846e-01
1.116589593415213133e-01
1.143253989738993170e-01
1.022468961111389768e-01
1.070289309662167399e-01
9.827236043344629579e-02
9.181725459523720767e-02
9.837541603805995127e-02
1.010839240385754262e-01
8.905847993227515580e-02
9.313931748418524670e-02
7.862443711497996146e-02
7.075988549997311305e-02
7.899363206164670970e-02
6.513061228365001065e-02
5.542722468328947771e-02
4.817127343451622912e-02
5.731313559088376669e-02
5.745095297841742304e-02
6.166904078851832144e-02
6.015101789247871700e-02
4.235943697466708346e-02
5.690693088097147079e-02
5.909680918891831169e-02
5.990811952269903262e-02
3.778806027799549994e-02
6.372301059194129813e-02
5.438824620577368402e-02
5.410462936552444535e-02
4.210616710162398690e-02
4.094660825068408005e-02
3.763078970484214081e-02
4.885349787107788611e-02
5.970510869923204705e-02
4.273035420049535460e-02
3.831837690702759314e-02
4.299141959388657480e-02
3.124022235964784427e-02
2.676206838966596266e-02
2.839226970578184392e-02
3.661057677599462851e-02
3.081194197777474206e-02
2.858454738513077978e-02
2.927920393424459158e-02
3.044003915078569156e-02
2.328924943905065492e-02
2.987161980997217817e-02
2.337271175762214298e-02
2.248080054132065020e-02
3.000999771722472412e-02
2.572556108531385416e-02
2.989471118048866310e-02
4.314133105891766046e-02
2.948401416882430112e-02
2.574999798642526802e-02
2.487419613517156958e-02
2.453993139880718613e-02
2.605747486105059602e-02
2.191485508833781320e-02
3.051227466894848583e-02
2.336394786834716797e-02
2.184402907248770773e-02
3.965678834679103176e-02
2.522554019890209387e-02
2.887589131841565224e-02
1.956781727252620423e-02
1.957299119175070698e-02
3.107721427879711271e-02
2.296235378425900281e-02
1.868498762055198839e-02
1.953198142571024518e-02
2.599013854961584186e-02
2.991325371336228667e-02
2.162541965446850012e-02
2.148084817546428923e-02
2.721080774127846921e-02
2.352222829762071546e-02
1.948657386963910387e-02
2.358516053398056894e-02
3.383446967247689258e-02
1.864968768440851063e-02
1.748989590323797583e-02
2.299285047125108200e-02
1.782909127155152956e-02
2.728323039442005771e-02
2.211601456793228088e-02
2.273346176832029275e-02
2.015877675892102996e-02
2.030175599721398619e-02
3.061991888697784825e-02
2.309770572303545405e-02
2.245437473353772972e-02
2.153371463317682241e-02
2.587069786421143311e-02
1.910999075020894042e-02
1.937987928343291172e-02
1.760046865680430297e-02
1.964272163291969076e-02
1.661033329397144931e-02
2.437210861999209582e-02
1.581152305744662132e-02
1.925553059813999920e-02
2.529461327755805344e-02
1.747213855828388951e-02
1.924123746333735938e-02
2.451954637423600300e-02
1.934649064989373349e-02
2.234214753797738803e-02
1.677616397933204620e-02
1.668998734785778759e-02
1.813186672654482426e-02
1.760448866551465180e-02
2.012238508403891429e-02
2.305170846457528511e-02
1.677254122672694817e-02
1.842347873319493540e-02
1.583765013383166623e-02
1.805885487263745454e-02
1.972196603765581993e-02
1.941516119064671045e-02
2.525607353389853343e-02
1.673384468154151886e-02
1.952856306982512363e-02
2.156373321419895184e-02
1.778165341013729014e-02
2.063893377780914168e-02
1.806142212140678105e-02
1.787426843501553619e-02
1.535725682088644184e-02
1.864527404898464261e-02
1.895858335613024095e-02
1.714809587096223845e-02
2.326377429584465528e-02
1.784812347723705936e-02
1.393816173076629569e-02
1.653712368247532705e-02
1.738100382361081400e-02
1.775352742412302648e-02
1.744658483727143383e-02
1.579860708501079278e-02
2.912154891113243396e-02
2.278649016182021300e-02
2.023397338862466255e-02
1.695292780895044440e-02
2.300710108610663079e-02
2.693313065141734672e-02
1.446312624629181136e-02
2.196161336827986282e-02
1.888758929649201820e-02
1.969983436093471901e-02
1.746039033526241083e-02
1.527263731649606583e-02
1.638917801993908241e-02
2.171300251295070829e-02
1.788578254751639618e-02
1.592623488147660096e-02
2.354648638479780315e-02
1.773840714209150640e-02
1.841400307003814366e-02
1.786978958856941593e-02
1.630832269640252255e-02
2.367603365737612833e-02
1.673995973450122590e-02
1.968139286088471315e-02
2.019903642116206710e-02
1.705898427137053988e-02
1.464825322722444409e-02
1.852003784462957076e-02
1.893395816925728600e-02
1.547439892103176333e-02
1.531898588827340993e-02
2.703632880555521117e-02
2.608827317115103989e-02
1.678407891552046935e-02
2.339036234534612804e-02
1.873281117122952213e-02
1.747208718616183321e-02
2.326762888691212908e-02
2.077090725450232364e-02
2.648256692555871206e-02
1.390348138785598223e-02
1.949599892786233607e-02
2.226067751941114212e-02
1.918701559010118490e-02
1.635451086676946789e-02
2.679882427253345301e-02
1.698334783610731119e-02
1.610229696967814192e-02
2.282475061935953717e-02
1.827123091362490431e-02
2.602407601800295345e-02
1.815897220432168349e-02
1.752065181142032843e-02
2.137848439783153129e-02
1.640664103007552499e-02
1.969860302339685940e-02
2.531931474067197069e-02
1.777046104468921542e-02
2.587763596289228626e-02
1.659783567532454457e-02
1.205213772188318787e-02
1.585722406311790636e-02
1.755235980052759215e-02
1.603548385129116571e-02
2.098235812517676088e-02
1.901608171439406886e-02
2.350177050817130880e-02
1.874589220722122987e-02
1.578516322787445331e-02
2.155162267165608783e-02
2.049810856875806594e-02
2.148070524234583015e-02
1.742413501338203191e-02
2.134960116726337259e-02
1.965772385644440692e-02
2.377361504748316118e-02
2.135546543810627404e-02
1.756518990686624371e-02
1.624348281633735888e-02
1.630912287400500607e-02
2.494942628511107735e-02
2.044650044771704339e-02
1.958314265945170288e-02
1.636936723595798504e-02
2.424620977132627142e-02
1.635838522769436990e-02
1.545223092088604880e-02
2.213419014864628775e-02
1.847516448781041931e-02
1.523352170934771585e-02
2.217751924354251225e-02
1.872563686701330873e-02
2.016691353061411673e-02
1.554300000171850160e-02
1.848187266600014034e-02
1.683447661966380390e-02
1.985360153830877453e-02
1.804884409550392907e-02
2.224619131867248273e-02
3.446748070787675200e-02
1.646857111170740504e-02
1.824863464525430454e-02
1.527704761760069647e-02
2.294555474625955757e-02
2.136259542243315601e-02
1.823652286340694470e-02
2.138110484817240531e-02
2.084659727493134995e-02
2.906615191166943973e-02
1.759950084851519964e-02
1.567495550849650268e-02
1.978308517153900409e-02
1.415926713754635073e-02
2.227918142729466353e-02
1.585145740225763628e-02
1.945233238805638837e-02
1.847923554406307595e-02
1.510905071650401124e-02
2.174326547301641890e-02
1.945505525806162650e-02
1.734056319340620753e-02
2.067481972793541387e-02
2.315064683409020357e-02
2.243205848896857521e-02
1.346178712821242789e-02
1.756489023123637347e-02
2.190396850652033892e-02
1.431905402995572313e-02
2.219049482062311618e-02
1.925699489541573065e-02
2.070723654019950705e-02
1.812214042880747750e-02
1.773649722632795328e-02
2.165364301440739561e-02
2.013170583413378956e-02
2.169022223736980295e-02
2.864532140221926274e-02
1.775823223708879878e-02
1.707112414411979251e-02
2.759578517167875222e-02
1.907106384192362725e-02
1.408371467991630620e-02
1.902599497006671192e-02
1.749044093165067273e-02
1.794657636396955816e-02
1.944474666425497281e-02
3.398003935223758987e-02
1.680421129901810487e-02
2.165839922900247155e-02
2.226392727087039836e-02
1.615440423535828562e-02
1.465933918952941860e-02
1.763604905935797426e-02
1.961353356295292977e-02
2.143605431117633769e-02
2.528772460352076215e-02
1.703890874834343774e-02
1.781712850131610820e-02
2.038992469263548740e-02
2.365202635231584624e-02
2.327790345885966117e-02
2.393488019409746245e-02
1.839021798407677530e-02
1.941005242342996179e-02
1.868189526076364029e-02
1.654253684648192627e-02
1.636551246784701333e-02
1.797437192779956575e-02
1.535609287790732844e-02
1.621248772238740796e-02
1.710696536125522887e-02
2.118378653384671295e-02
3.094602669819747007e-02
2.320003208547535486e-02
2.240006498771138568e-02
2.008949636232735050e-02
2.305795916236273030e-02
2.052493352111023350e-02
2.023560915252949760e-02
1.930932963248526563e-02
2.257752751949990144e-02
1.564552276441366283e-02
2.093283666832612341e-02
1.690196386068174017e-02
1.543077236354941165e-02
2.095518802652264478e-02
2.274332468462462314e-02
2.202235802565470635e-02
1.840967931369743779e-02
2.096574306488037040e-02
2.240713409858174909e-02
1.944441370444722691e-02
1.553115738500462917e-02
1.763415189072637182e-02
2.543020065468136470e-02
1.861325815172478609e-02
1.618348492844269917e-02
1.770006937555747284e-02
1.747307511839536059e-02
2.132537949203264574e-02
1.602993878987755971e-02
1.905188067714766800e-02
2.132310463060246852e-02
1.456814378795057326e-02
2.155359523131115604e-02
1.860488505646733931e-02
2.119670188663029531e-02
1.514103515903548504e-02
2.066715752134228729e-02
1.729348750397710632e-02
1.698947829185145850e-02
1.832015785840478139e-02
2.156477664956952048e-02
1.891942605523780005e-02
1.551843073108408709e-02
1.960039811559242950e-02
2.152297626627553903e-02
2.496136066937210476e-02
1.962466357958198709e-02
2.353546607612383088e-02
1.752468167555214229e-02
1.879796255933176286e-02
1.669101361000891945e-02
2.121150036259452851e-02
1.893689136693973291e-02
1.742371480063636610e-02
1.672398878796265906e-02
1.541788188537748794e-02
1.641924065528529639e-02
1.754069564366104658e-02
1.606171491122481906e-02
2.021331070083202605e-02
1.947916368446727872e-02
1.692854977480255652e-02
2.263769076602293803e-02
2.073772664707486044e-02
1.921962558633030088e-02
1.865112793327558180e-02
1.734631917264201767e-02
2.313053342375424870e-02
2.007944144234798806e-02
2.108702270111234914e-02
1.863086495068994042e-02
1.890346484609169500e-02
1.995882610283275516e-02
2.384856526214297612e-02
1.617597430059225169e-02
2.078549136029611555e-02
1.818674826385951321e-02
2.364774039476224762e-02
1.997414505717777858e-02
1.656043783272847028e-02
1.482904928155464631e-02
2.163738505084916025e-02
1.584424137479007941e-02
1.565998532984516287e-02
2.194134997259272052e-02
1.461261105124313057e-02
1.639189749661058501e-02
1.907106248459013512e-02
1.334542487517441887e-02
1.809016961862545264e-02
1.768440515688150111e-02
1.949762371507021350e-02
1.492665758227357774e-02
1.872801913483308073e-02
2.388498476236173423e-02
3.078507400385224052e-02
1.584376843258886169e-02
1.496985855669078283e-02
2.158996034966836897e-02
1.696341970179340505e-02
2.000851460022501360e-02
1.829757327490513785e-02
1.548748075371921690e-02
2.146085406293963410e-02
1.708374489652048078e-02
2.113893448126197977e-02
1.271511100896514229e-02
2.108609844552408394e-02
1.611552064371581106e-02
1.688518674656896285e-02
1.739798084934159050e-02
1.344263630338234441e-02
1.754812804779203733e-02
1.672040185715892649e-02
2.458522957150298741e-02
1.499706834259599726e-02
2.351315906732389174e-02
2.227143061043012143e-02
1.988319008067102739e-02
1.983193138448318543e-02
2.058788065863127736e-02
1.911454286315653756e-02
1.615208883096675915e-02
1.751912395552833457e-02
2.076567237329954990e-02
2.027800239548824962e-02
1.790638819779499791e-02
1.353066953101960714e-02
2.408097964702266350e-02
1.746536516907191625e-02
1.783451399590709266e-02
2.203830008459563283e-02
1.902007082901378821e-02
1.634295691948125726e-02
2.079598552519732260e-02
2.512292894396451343e-02
2.271991203917135202e-02
1.979581397948878760e-02
1.932229104608592513e-02
1.543829815812630159e-02
2.036291771005875953e-02
2.039705464745512203e-02
1.850203402561716517e-02
2.886155286047718468e-02
1.597311930491192647e-02
2.466903113492644600e-02
2.395873571386431672e-02
1.765655901762518479e-02
1.634531277831238055e-02
1.949402185359803627e-02
2.455287363269541626e-02
2.715861874051613348e-02
2.059345944683150381e-02
1.408681996388010463e-02
1.805824206607176477e-02
1.719264512014861274e-02
1.801300928144171712e-02
2.816041997163602761e-02
1.701595222595894685e-02
1.744646730989512715e-02
2.306312900958674972e-02
2.117159880033813932e-02
2.298598195066546557e-02
2.061789856098665899e-02
2.116423387928764374e-02
1.244143964630542443e-02
1.906246838003101962e-02
2.236120978204330506e-02
2.395058439509703541e-02
2.485677650069246028e-02
1.824926686759042321e-02
2.079522237919344610e-02
1.644910789362274625e-02
1.889186147415991904e-02
2.251605273473380672e-02
1.955022817791098391e-02
2.210031446844044206e-02
2.107675096186080801e-02
1.961953061642033105e-02
1.713207942424434249e-02
1.757761720973666231e-02
2.098349669192096922e-02
1.809430446955237123e-02
1.307032424034458573e-02
1.792436253906476776e-02
1.715370667452859391e-02
2.791475216941078155e-02
1.863435698617802935e-02
2.266008036561531491e-02
1.751142347803210167e-02
1.779653500802446178e-02
1.821008191840483431e-02
1.896704910415233925e-02
1.933886243565247770e-02
1.958580852145015705e-02
1.462498428207812881e-02
2.115309858086085459e-02
1.835475564002990792e-02
1.754073482928889677e-02
3.391836616072324562e-02
1.627530095600845939e-02
1.682762556737012194e-02
1.764702484159186291e-02
2.425203969573030277e-02
1.571714057780728563e-02
1.598139192798350011e-02
1.551958532026498708e-02
1.901985725553909101e-02
2.097043138329345371e-02
1.676194399300188001e-02
1.812939059616315574e-02
2.298320582007417484e-02
1.641613295172700618e-02
1.485413785027985510e-02
2.216448432738237981e-02
1.838631815839521927e-02
1.334818763898150754e-02
2.158304187330868998e-02
2.180225648502312139e-02
2.215588222635854476e-02
1.446295091421297314e-02
1.874556624063170723e-02
2.511195805993410649e-02
