1.702970297029703062e+01
1.702970297029703062e+01
1.693069306930692974e+01
1.772277227722772253e+01
2.118811881188118917e+01
1.792079207920792072e+01
1.712871287128712794e+01
2.326732673267326845e+01
1.613861386138613696e+01
1.643564356435643603e+01
1.693069306930692974e+01
2.336633663366336577e+01
1.831683168316831711e+01
2.089108910891089010e+01
1.603960396039603964e+01
1.871287128712871350e+01
2.396039603960396036e+01
1.712871287128712794e+01
2.138613861386138737e+01
3.158415841584158557e+01
2.019801980198019820e+01
3.653465346534653690e+01
4.138613861386138382e+01
3.841584158415841443e+01
2.455445544554455495e+01
5.712871287128712794e+01
2.831683168316831711e+01
1.940594059405940541e+01
2.594059405940594232e+01
1.960396039603960361e+01
3.198019801980198196e+01
4.079207920792079278e+01
4.346534653465346310e+01
2.425742574257425588e+01
2.990099009900990268e+01
3.831683168316831711e+01
2.227722772277227747e+01
2.960396039603960361e+01
3.623762376237623783e+01
3.792079207920792072e+01
3.633663366336633516e+01
5.099009900990098743e+01
6.782178217821781629e+01
5.891089108910890815e+01
4.009900990099009732e+01
7.059405940594059814e+01
6.089108910891089010e+01
4.207920792079207928e+01
4.306930693069306670e+01
6.386138613861385949e+01
6.920792079207920722e+01
4.772277227722772608e+01
6.138613861386138382e+01
4.623762376237623783e+01
4.000000000000000000e+01
5.386138613861385949e+01
3.455445544554455495e+01
4.702970297029703062e+01
5.534653465346534773e+01
6.118811881188118917e+01
7.237623762376237835e+01
8.722772277227723237e+01
7.257425742574257299e+01
9.198019801980197485e+01
7.663366336633663423e+01
5.920792079207920722e+01
8.336633663366336577e+01
7.742574257425742701e+01
5.485148514851485402e+01
6.603960396039603609e+01
8.801980198019802515e+01
8.237623762376237835e+01
6.603960396039603609e+01
7.247524752475247567e+01
7.188118811881187753e+01
7.891089108910891525e+01
7.811881188118812247e+01
7.891089108910891525e+01
7.099009900990098743e+01
9.603960396039603609e+01
8.465346534653465937e+01
9.762376237623762165e+01
9.376237623762376927e+01
9.118811881188118207e+01
5.178217821782178021e+01
9.920792079207920722e+01
9.910891089108910990e+01
9.772277227722771897e+01
9.821782178217821979e+01
9.861386138613860908e+01
9.623762376237623073e+01
6.564356435643564680e+01
9.732673267326732969e+01
9.138613861386139092e+01
9.673267326732673155e+01
8.594059405940593876e+01
8.237623762376237835e+01
9.564356435643564680e+01
9.356435643564356042e+01
8.831683168316831711e+01
9.603960396039603609e+01
9.970297029702970804e+01
1.000000000000000000e+02
9.900990099009901257e+01
9.990099009900990268e+01
9.990099009900990268e+01
9.861386138613860908e+01
9.940594059405940186e+01
1.000000000000000000e+02
9.910891089108910990e+01
9.930693069306930454e+01
9.841584158415841443e+01
1.000000000000000000e+02
1.000000000000000000e+02
9.940594059405940186e+01
1.000000000000000000e+02
9.990099009900990268e+01
9.653465346534653690e+01
1.000000000000000000e+02
9.990099009900990268e+01
1.000000000000000000e+02
1.000000000000000000e+02
1.000000000000000000e+02
1.000000000000000000e+02
1.000000000000000000e+02
9.990099009900990268e+01
1.000000000000000000e+02
1.000000000000000000e+02
1.000000000000000000e+02
1.000000000000000000e+02
1.000000000000000000e+02
9.990099009900990268e+01
9.980198019801980536e+01
9.990099009900990268e+01
1.000000000000000000e+02
1.000000000000000000e+02
9.772277227722771897e+01
1.000000000000000000e+02
1.000000000000000000e+02
1.000000000000000000e+02
1.000000000000000000e+02
1.000000000000000000e+02
1.000000000000000000e+02
1.000000000000000000e+02
1.000000000000000000e+02
1.000000000000000000e+02
1.000000000000000000e+02
1.000000000000000000e+02
1.000000000000000000e+02
1.000000000000000000e+02
1.000000000000000000e+02
1.000000000000000000e+02
1.000000000000000000e+02
1.000000000000000000e+02
9.990099009900990268e+01
1.000000000000000000e+02
1.000000000000000000e+02
1.000000000000000000e+02
1.000000000000000000e+02
1.000000000000000000e+02
1.000000000000000000e+02
1.000000000000000000e+02
1.000000000000000000e+02
1.000000000000000000e+02
1.000000000000000000e+02
1.000000000000000000e+02
1.000000000000000000e+02
1.000000000000000000e+02
1.000000000000000000e+02
1.000000000000000000e+02
1.000000000000000000e+02
1.000000000000000000e+02
1.000000000000000000e+02
1.000000000000000000e+02
1.000000000000000000e+02
1.000000000000000000e+02
1.000000000000000000e+02
1.000000000000000000e+02
1.000000000000000000e+02
1.000000000000000000e+02
1.000000000000000000e+02
1.000000000000000000e+02
1.000000000000000000e+02
1.000000000000000000e+02
1.000000000000000000e+02
1.000000000000000000e+02
1.000000000000000000e+02
1.000000000000000000e+02
1.000000000000000000e+02
1.000000000000000000e+02
1.000000000000000000e+02
1.000000000000000000e+02
1.000000000000000000e+02
1.000000000000000000e+02
1.000000000000000000e+02
1.000000000000000000e+02
1.000000000000000000e+02
1.000000000000000000e+02
1.000000000000000000e+02
1.000000000000000000e+02
1.000000000000000000e+02
1.000000000000000000e+02
1.000000000000000000e+02
1.000000000000000000e+02
1.000000000000000000e+02
1.000000000000000000e+02
1.000000000000000000e+02
1.000000000000000000e+02
1.000000000000000000e+02
1.000000000000000000e+02
1.000000000000000000e+02
1.000000000000000000e+02
1.000000000000000000e+02
1.000000000000000000e+02
1.000000000000000000e+02
1.000000000000000000e+02
1.000000000000000000e+02
1.000000000000000000e+02
1.000000000000000000e+02
1.000000000000000000e+02
1.000000000000000000e+02
1.000000000000000000e+02
1.000000000000000000e+02
1.000000000000000000e+02
1.000000000000000000e+02
1.000000000000000000e+02
1.000000000000000000e+02
1.000000000000000000e+02
1.000000000000000000e+02
1.000000000000000000e+02
1.000000000000000000e+02
1.000000000000000000e+02
1.000000000000000000e+02
1.000000000000000000e+02
1.000000000000000000e+02
1.000000000000000000e+02
1.000000000000000000e+02
1.000000000000000000e+02
1.000000000000000000e+02
1.000000000000000000e+02
1.000000000000000000e+02
1.000000000000000000e+02
1.000000000000000000e+02
1.000000000000000000e+02
1.000000000000000000e+02
1.000000000000000000e+02
1.000000000000000000e+02
1.000000000000000000e+02
1.000000000000000000e+02
1.000000000000000000e+02
1.000000000000000000e+02
1.000000000000000000e+02
1.000000000000000000e+02
1.000000000000000000e+02
1.000000000000000000e+02
1.000000000000000000e+02
1.000000000000000000e+02
1.000000000000000000e+02
1.000000000000000000e+02
1.000000000000000000e+02
1.000000000000000000e+02
1.000000000000000000e+02
1.000000000000000000e+02
1.000000000000000000e+02
1.000000000000000000e+02
1.000000000000000000e+02
1.000000000000000000e+02
1.000000000000000000e+02
1.000000000000000000e+02
1.000000000000000000e+02
1.000000000000000000e+02
1.000000000000000000e+02
1.000000000000000000e+02
1.000000000000000000e+02
1.000000000000000000e+02
1.000000000000000000e+02
1.000000000000000000e+02
1.000000000000000000e+02
1.000000000000000000e+02
1.000000000000000000e+02
1.000000000000000000e+02
1.000000000000000000e+02
1.000000000000000000e+02
1.000000000000000000e+02
1.000000000000000000e+02
1.000000000000000000e+02
1.000000000000000000e+02
1.000000000000000000e+02
1.000000000000000000e+02
1.000000000000000000e+02
1.000000000000000000e+02
1.000000000000000000e+02
1.000000000000000000e+02
1.000000000000000000e+02
1.000000000000000000e+02
1.000000000000000000e+02
1.000000000000000000e+02
1.000000000000000000e+02
1.000000000000000000e+02
1.000000000000000000e+02
1.000000000000000000e+02
1.000000000000000000e+02
1.000000000000000000e+02
1.000000000000000000e+02
1.000000000000000000e+02
1.000000000000000000e+02
1.000000000000000000e+02
1.000000000000000000e+02
1.000000000000000000e+02
1.000000000000000000e+02
1.000000000000000000e+02
1.000000000000000000e+02
1.000000000000000000e+02
1.000000000000000000e+02
1.000000000000000000e+02
1.000000000000000000e+02
1.000000000000000000e+02
1.000000000000000000e+02
1.000000000000000000e+02
1.000000000000000000e+02
1.000000000000000000e+02
1.000000000000000000e+02
1.000000000000000000e+02
1.000000000000000000e+02
1.000000000000000000e+02
1.000000000000000000e+02
1.000000000000000000e+02
1.000000000000000000e+02
1.000000000000000000e+02
1.000000000000000000e+02
1.000000000000000000e+02
1.000000000000000000e+02
1.000000000000000000e+02
1.000000000000000000e+02
1.000000000000000000e+02
1.000000000000000000e+02
1.000000000000000000e+02
1.000000000000000000e+02
1.000000000000000000e+02
1.000000000000000000e+02
1.000000000000000000e+02
1.000000000000000000e+02
1.000000000000000000e+02
1.000000000000000000e+02
1.000000000000000000e+02
1.000000000000000000e+02
1.000000000000000000e+02
1.000000000000000000e+02
1.000000000000000000e+02
1.000000000000000000e+02
1.000000000000000000e+02
1.000000000000000000e+02
1.000000000000000000e+02
1.000000000000000000e+02
1.000000000000000000e+02
1.000000000000000000e+02
1.000000000000000000e+02
1.000000000000000000e+02
1.000000000000000000e+02
1.000000000000000000e+02
1.000000000000000000e+02
1.000000000000000000e+02
1.000000000000000000e+02
1.000000000000000000e+02
1.000000000000000000e+02
1.000000000000000000e+02
1.000000000000000000e+02
1.000000000000000000e+02
1.000000000000000000e+02
1.000000000000000000e+02
1.000000000000000000e+02
1.000000000000000000e+02
1.000000000000000000e+02
1.000000000000000000e+02
1.000000000000000000e+02
1.000000000000000000e+02
1.000000000000000000e+02
1.000000000000000000e+02
1.000000000000000000e+02
1.000000000000000000e+02
1.000000000000000000e+02
1.000000000000000000e+02
1.000000000000000000e+02
1.000000000000000000e+02
1.000000000000000000e+02
1.000000000000000000e+02
1.000000000000000000e+02
1.000000000000000000e+02
1.000000000000000000e+02
1.000000000000000000e+02
1.000000000000000000e+02
1.000000000000000000e+02
1.000000000000000000e+02
1.000000000000000000e+02
1.000000000000000000e+02
1.000000000000000000e+02
1.000000000000000000e+02
1.000000000000000000e+02
1.000000000000000000e+02
1.000000000000000000e+02
1.000000000000000000e+02
1.000000000000000000e+02
1.000000000000000000e+02
1.000000000000000000e+02
1.000000000000000000e+02
1.000000000000000000e+02
1.000000000000000000e+02
1.000000000000000000e+02
1.000000000000000000e+02
1.000000000000000000e+02
1.000000000000000000e+02
1.000000000000000000e+02
1.000000000000000000e+02
1.000000000000000000e+02
1.000000000000000000e+02
1.000000000000000000e+02
1.000000000000000000e+02
1.000000000000000000e+02
1.000000000000000000e+02
1.000000000000000000e+02
1.000000000000000000e+02
1.000000000000000000e+02
1.000000000000000000e+02
1.000000000000000000e+02
1.000000000000000000e+02
1.000000000000000000e+02
1.000000000000000000e+02
1.000000000000000000e+02
1.000000000000000000e+02
1.000000000000000000e+02
1.000000000000000000e+02
1.000000000000000000e+02
1.000000000000000000e+02
1.000000000000000000e+02
1.000000000000000000e+02
1.000000000000000000e+02
1.000000000000000000e+02
1.000000000000000000e+02
1.000000000000000000e+02
1.000000000000000000e+02
1.000000000000000000e+02
1.000000000000000000e+02
1.000000000000000000e+02
1.000000000000000000e+02
1.000000000000000000e+02
1.000000000000000000e+02
1.000000000000000000e+02
1.000000000000000000e+02
1.000000000000000000e+02
1.000000000000000000e+02
1.000000000000000000e+02
1.000000000000000000e+02
1.000000000000000000e+02
1.000000000000000000e+02
1.000000000000000000e+02
1.000000000000000000e+02
1.000000000000000000e+02
1.000000000000000000e+02
1.000000000000000000e+02
1.000000000000000000e+02
1.000000000000000000e+02
1.000000000000000000e+02
1.000000000000000000e+02
1.000000000000000000e+02
1.000000000000000000e+02
1.000000000000000000e+02
1.000000000000000000e+02
1.000000000000000000e+02
1.000000000000000000e+02
1.000000000000000000e+02
1.000000000000000000e+02
1.000000000000000000e+02
1.000000000000000000e+02
1.000000000000000000e+02
1.000000000000000000e+02
1.000000000000000000e+02
1.000000000000000000e+02
1.000000000000000000e+02
1.000000000000000000e+02
1.000000000000000000e+02
1.000000000000000000e+02
1.000000000000000000e+02
1.000000000000000000e+02
1.000000000000000000e+02
1.000000000000000000e+02
1.000000000000000000e+02
1.000000000000000000e+02
1.000000000000000000e+02
1.000000000000000000e+02
1.000000000000000000e+02
1.000000000000000000e+02
1.000000000000000000e+02
1.000000000000000000e+02
1.000000000000000000e+02
1.000000000000000000e+02
1.000000000000000000e+02
1.000000000000000000e+02
1.000000000000000000e+02
1.000000000000000000e+02
1.000000000000000000e+02
1.000000000000000000e+02
1.000000000000000000e+02
1.000000000000000000e+02
1.000000000000000000e+02
1.000000000000000000e+02
1.000000000000000000e+02
1.000000000000000000e+02
1.000000000000000000e+02
1.000000000000000000e+02
1.000000000000000000e+02
1.000000000000000000e+02
1.000000000000000000e+02
1.000000000000000000e+02
1.000000000000000000e+02
1.000000000000000000e+02
1.000000000000000000e+02
1.000000000000000000e+02
1.000000000000000000e+02
1.000000000000000000e+02
1.000000000000000000e+02
1.000000000000000000e+02
1.000000000000000000e+02
1.000000000000000000e+02
1.000000000000000000e+02
1.000000000000000000e+02
1.000000000000000000e+02
1.000000000000000000e+02
1.000000000000000000e+02
1.000000000000000000e+02
1.000000000000000000e+02
1.000000000000000000e+02
1.000000000000000000e+02
1.000000000000000000e+02
1.000000000000000000e+02
1.000000000000000000e+02
1.000000000000000000e+02
1.000000000000000000e+02
1.000000000000000000e+02
1.000000000000000000e+02
1.000000000000000000e+02
1.000000000000000000e+02
1.000000000000000000e+02
1.000000000000000000e+02
1.000000000000000000e+02
1.000000000000000000e+02
1.000000000000000000e+02
1.000000000000000000e+02
1.000000000000000000e+02
1.000000000000000000e+02
1.000000000000000000e+02
1.000000000000000000e+02
1.000000000000000000e+02
1.000000000000000000e+02
1.000000000000000000e+02
1.000000000000000000e+02
1.000000000000000000e+02
1.000000000000000000e+02
1.000000000000000000e+02
1.000000000000000000e+02
1.000000000000000000e+02
1.000000000000000000e+02
1.000000000000000000e+02
1.000000000000000000e+02
1.000000000000000000e+02
1.000000000000000000e+02
1.000000000000000000e+02
1.000000000000000000e+02
1.000000000000000000e+02
1.000000000000000000e+02
1.000000000000000000e+02
1.000000000000000000e+02
1.000000000000000000e+02
1.000000000000000000e+02
1.000000000000000000e+02
1.000000000000000000e+02
1.000000000000000000e+02
1.000000000000000000e+02
1.000000000000000000e+02
1.000000000000000000e+02
1.000000000000000000e+02
1.000000000000000000e+02
1.000000000000000000e+02
1.000000000000000000e+02
1.000000000000000000e+02
1.000000000000000000e+02
1.000000000000000000e+02
1.000000000000000000e+02
1.000000000000000000e+02
1.000000000000000000e+02
1.000000000000000000e+02
1.000000000000000000e+02
1.000000000000000000e+02
1.000000000000000000e+02
1.000000000000000000e+02
1.000000000000000000e+02
1.000000000000000000e+02
1.000000000000000000e+02
1.000000000000000000e+02
1.000000000000000000e+02
1.000000000000000000e+02
