1.609341105848255626e+00
8.089823618973835950e-01
5.756357778417001692e-01
5.043192665175636469e-01
4.571881549193127503e-01
4.344938920275999705e-01
4.009884673770111596e-01
3.221741846292325850e-01
3.467518154937441754e-01
2.940220171862309440e-01
2.892301361159522743e-01
2.596016515599618990e-01
2.371265996800790976e-01
2.942661474246789921e-01
2.450023240382128431e-01
2.366898404489649332e-01
2.383423238697618407e-01
2.382550673909706596e-01
2.351907545977299785e-01
1.676691423548330173e-01
1.808216921173700087e-01
1.519348654416527999e-01
1.412252277430921521e-01
1.375311266077627048e-01
1.360827955869164663e-01
1.419103358051564401e-01
1.274602106302091253e-01
1.356795155175841705e-01
1.276235929810174696e-01
1.282638724487606963e-01
1.331829554963820106e-01
1.055364566274208660e-01
1.117968830731835700e-01
1.509575081343698111e-01
1.267781996490931762e-01
1.156741845725786505e-01
1.049306624006516864e-01
1.118811215504561252e-01
1.171477390988038270e-01
1.067728840478576052e-01
7.564191027443008253e-02
7.375603737217364952e-02
6.792308646853607856e-02
7.232194230107977240e-02
7.211416027333476808e-02
7.277884412520002622e-02
8.596857196033591553e-02
7.689394726611599451e-02
6.669507935495659623e-02
6.060149350968917908e-02
7.033116935503365419e-02
5.536078143827986159e-02
6.071410096517883964e-02
5.512610933568218297e-02
5.024086520223334379e-02
4.313264530484039322e-02
4.939552392109786139e-02
3.919038359481509526e-02
4.812500659782107532e-02
4.811569682442315421e-02
2.963831229965285460e-02
3.084632760227316514e-02
2.599604536991308168e-02
3.738053116467919545e-02
4.323411637013501591e-02
2.962569063252741899e-02
2.590986620081533326e-02
2.451024598414355132e-02
3.046616640421423439e-02
2.240275563579974955e-02
2.004660049287399284e-02
1.808695285627157437e-02
2.945867841786677446e-02
3.316996410341545992e-02
4.117352879873596716e-02
2.857028493786802417e-02
2.082247220643676164e-02
2.025270518099907616e-02
2.252955489819592760e-02
1.862347899097026999e-02
1.533616008144794186e-02
1.717826670939379477e-02
1.516987468936655849e-02
1.215064681992672480e-02
1.755291999566672978e-02
1.605098651777399701e-02
1.451630822502740503e-02
1.293826790729371568e-02
1.450037758539218791e-02
1.506687759762943314e-02
1.048035034448793583e-02
2.666215873000645289e-02
1.411761340528431587e-02
1.553468934380181944e-02
1.369237728638224121e-02
1.398723597573761808e-02
1.267359371822659314e-02
1.503452047853186604e-02
1.655875348513669368e-02
1.380173872307975669e-02
1.292815671698881869e-02
1.762282951633529007e-02
9.221491778250968940e-03
9.462362099992165793e-03
1.041492244394698861e-02
1.445005842954805511e-02
1.322509079876512533e-02
1.228040707583474660e-02
1.094696359469158817e-02
1.160738713080340136e-02
1.110354542437166220e-02
1.264054863759786831e-02
9.810439194783126052e-03
1.089720891253783026e-02
1.227215444392497010e-02
1.150952984790990820e-02
1.382818407941572778e-02
1.633273684742427012e-02
1.380759724000893071e-02
9.764102661963737495e-03
7.610220808794003131e-03
9.040519226305556225e-03
1.131560289033568811e-02
1.043259035242666104e-02
9.244575963752103831e-03
7.499322265681653867e-03
1.060041448857524521e-02
1.124492739096726555e-02
9.086166174695042841e-03
9.699468521198423981e-03
9.691978504162023292e-03
7.750077235816729172e-03
1.178689146100884641e-02
6.940092603759009937e-03
8.669123053550720215e-03
1.227543116501062306e-02
9.393575728529749910e-03
9.275839603183292509e-03
8.857082523921928907e-03
1.231615056495855356e-02
1.131253220362238299e-02
9.644883354701618700e-03
1.018972438160735752e-02
9.466979689527265512e-03
8.465227558471188213e-03
1.118275900878528545e-02
8.891563692895492615e-03
1.143970135414954480e-02
6.979759229291783787e-03
9.065958296898567192e-03
7.532738163919731715e-03
8.892403808560701145e-03
7.087208551935630235e-03
1.043247313487647744e-02
6.925867247109365570e-03
7.707468663701916647e-03
9.238608240491092902e-03
8.538429704633089881e-03
9.493944963606277057e-03
6.317353927262938686e-03
8.598702673864836929e-03
8.067516053077018745e-03
8.784466067163071434e-03
6.032790022321266911e-03
1.300030971812729703e-02
6.536203858875992007e-03
1.094365389925418437e-02
7.703092413963657549e-03
8.401347549244908217e-03
5.672406442094557640e-03
1.080163062208949927e-02
6.591847715991558214e-03
6.013942487759165074e-03
7.262515416829893287e-03
6.776305575772086955e-03
6.165357199635836290e-03
9.728234888303398387e-03
9.090163138243231161e-03
7.534878029681668643e-03
9.662746129059556280e-03
7.655211191366214848e-03
7.124864022330482799e-03
8.588283177059475096e-03
1.027974337339401280e-02
9.957714614891770635e-03
1.120594973021214573e-02
7.452161624880120419e-03
9.765544932077426660e-03
1.220666285198513876e-02
7.603056138694876294e-03
8.133758265193146569e-03
7.958188977571997030e-03
8.637026468716045915e-03
5.820772759985215483e-03
6.727123850643044502e-03
8.161909361877063215e-03
9.149044870149971448e-03
8.588173041249265449e-03
7.872376627851240122e-03
5.846815681693577453e-03
6.629645573620748973e-03
9.653711997636474015e-03
8.265471576464058709e-03
9.909466956511582200e-03
8.209465458841607929e-03
7.345695601831568264e-03
8.591599511628104577e-03
8.346006215208827753e-03
7.824138057704018226e-03
7.749894128577543805e-03
1.053091778908625716e-02
6.048641420236908206e-03
8.867766361425418256e-03
6.078258230544552644e-03
8.913360963953603083e-03
6.529877371717207266e-03
1.041163797720824104e-02
5.842153639486520264e-03
7.062148826547188195e-03
1.138108866934729041e-02
6.065743778011586755e-03
9.094776227922722958e-03
5.498990342758670012e-03
6.366441480003961519e-03
7.770260888161045765e-03
6.125665950303030467e-03
1.029243575464380833e-02
9.831724042939667466e-03
8.365789350896778859e-03
7.926446878083861017e-03
7.367834729133266106e-03
7.777219715684947215e-03
8.203495507783228544e-03
9.634867546581986353e-03
6.027150522954393547e-03
6.584052431701433242e-03
1.290957945408207318e-02
8.064253805297436767e-03
5.236609678457278781e-03
6.510553715547712748e-03
8.548577675724974151e-03
9.884372028974023477e-03
1.082245316540840843e-02
7.097152893496032171e-03
1.234366291820412735e-02
6.975373566740810521e-03
1.041190882425497080e-02
9.763935901740990533e-03
7.202976366671005014e-03
8.888525847751314879e-03
1.435775951583786840e-02
9.657029438726972420e-03
6.221761237276662859e-03
9.280904493119456269e-03
1.279710556315903636e-02
1.668774627222873244e-02
8.076688898081826190e-03
6.224722850440752783e-03
8.242925352389268712e-03
7.420765955259304124e-03
7.021558048701522642e-03
1.857984641400894227e-02
7.276223408113611547e-03
1.177397289193502818e-02
6.868172901691776445e-03
5.752836271087721602e-03
6.721502144147854102e-03
8.981736786294691396e-03
7.019991449790425990e-03
7.319718894391956561e-03
6.362362353518457442e-03
1.282135215726229287e-02
1.142295205061978625e-02
7.619973736824375322e-03
7.001617949197787988e-03
1.287744332953254765e-02
9.176551779307940901e-03
1.087036395427024016e-02
6.449360850423869682e-03
8.162801188997703683e-03
7.574014498455689491e-03
8.616088611064571384e-03
7.700844123812005011e-03
1.003446409312805376e-02
7.737967947331985535e-03
9.760279982987016614e-03
7.751876558407698112e-03
7.560845899699937880e-03
6.926614606734549963e-03
1.128537461604222150e-02
7.021319630122421079e-03
1.126589574436149925e-02
9.226356328714012400e-03
6.494456396834684918e-03
6.007471562612175069e-03
6.889903604394138209e-03
1.148725469218622383e-02
1.189397846413130753e-02
7.028183650852429590e-03
9.477964589501371509e-03
6.545235452675583591e-03
1.063558949102269557e-02
6.511352218613766611e-03
9.434883739098464533e-03
9.262083500328630037e-03
1.079742667993696670e-02
8.757281391927511718e-03
9.216566206795154606e-03
9.426039309784917108e-03
8.097626977037674853e-03
5.923859716051875848e-03
1.225932342286157120e-02
8.300536487362172172e-03
1.685378685741141178e-02
5.717829917327011888e-03
5.851038552746914458e-03
1.193617428883467571e-02
8.223004889960335365e-03
1.408562176298387009e-02
7.444755762520402671e-03
7.615169469672854186e-03
7.565928257928036110e-03
7.314097232157641508e-03
7.060446007416979960e-03
9.939107726706137083e-03
6.075726095402594722e-03
9.218454434730039351e-03
7.682105898857117046e-03
1.003164796545953988e-02
7.020120986617437407e-03
8.084606666966240307e-03
8.923937719647246150e-03
6.743153708406014399e-03
1.105213031025216106e-02
9.730508141588456797e-03
7.601537666108348391e-03
1.066554005783383260e-02
5.651811399672291431e-03
1.450164383000666565e-02
1.031001101035882925e-02
7.064877804553154790e-03
9.006374233429974285e-03
1.041209985419075043e-02
8.741639864326702924e-03
1.614669430078846321e-02
1.053386128479891562e-02
6.456517538811900637e-03
8.842696367514014597e-03
6.428365129055362871e-03
7.243171776875410861e-03
8.189181172021544816e-03
8.940941906801544437e-03
7.734651096386484237e-03
9.643295554831477281e-03
1.008088790839261305e-02
7.123416234361063144e-03
7.200216391299030239e-03
8.736105277986809872e-03
1.092474230445257544e-02
7.836485602477990045e-03
1.294076866147541791e-02
6.277720585908039622e-03
8.340245588581160843e-03
1.132589164051679177e-02
9.849912223249377916e-03
6.521577011830735800e-03
8.095582080359505980e-03
1.007645121305295738e-02
7.695826593011912374e-03
7.703786572017291834e-03
8.705788496697303841e-03
6.567559059303586071e-03
7.889198563476600493e-03
6.335804190966162590e-03
5.769869257317911289e-03
1.046366461432806337e-02
1.306000033227523900e-02
1.399462994667563173e-02
9.615802484573703762e-03
1.054895403656629094e-02
7.622253393182659882e-03
7.873834802372621164e-03
8.146738622448232436e-03
7.621519046254677382e-03
8.107486588530020410e-03
7.436508191103982125e-03
7.559551062560317461e-03
9.596835460403178863e-03
6.311611241043204451e-03
6.664561192588050811e-03
9.184358512411023440e-03
8.444293890849198514e-03
8.339994968754229493e-03
9.956163108938992021e-03
7.236962064658061453e-03
7.045857357506704784e-03
6.450122093210126223e-03
6.967512156703684241e-03
7.488496616335198024e-03
1.059802524229087536e-02
1.019669766768370456e-02
7.962317750005437969e-03
6.602933929108156796e-03
9.726930136727814785e-03
9.516042456178382125e-03
6.129726221655855400e-03
7.930656677425497111e-03
7.334241743134979792e-03
6.114798658850169148e-03
1.178987846516146507e-02
8.545492132111351391e-03
8.947436319719446682e-03
6.839364752320960424e-03
6.829934050836185266e-03
7.544372710261014643e-03
6.477248491627155338e-03
7.097828727547485402e-03
9.122367011438502205e-03
6.239607207255788365e-03
6.166040528528760924e-03
1.216231407505450821e-02
7.332318740906101223e-03
1.408488968811412792e-02
6.094497279955608977e-03
1.345444151965698339e-02
7.544406643598386419e-03
8.035584989160593841e-03
8.601461085352566510e-03
1.082929266561375933e-02
8.055809464785132837e-03
7.465761531107496102e-03
8.371026091056294610e-03
7.680476508518256466e-03
9.555536021690557227e-03
7.655600399369060644e-03
8.423449571179872017e-03
6.493036389941035831e-03
7.836600916810555414e-03
8.205377421166637833e-03
1.975520871358342825e-02
8.110051034110606766e-03
7.664471908961191862e-03
7.398484042375394303e-03
9.081487623181673866e-03
1.016692500008214810e-02
8.925140331877339656e-03
7.034425880059157025e-03
7.717543338785076701e-03
5.871613220413132543e-03
1.425427425615858300e-02
7.693478878181760072e-03
8.131320022120334251e-03
7.565283465503466406e-03
6.538244727814552029e-03
9.684822745252364209e-03
6.610311375986231523e-03
8.815417755948434797e-03
7.181205770166793588e-03
9.422485191043061120e-03
7.340962166833405085e-03
6.463967293205827823e-03
6.235652409567690908e-03
5.535380379988415200e-03
9.444050077754671466e-03
8.193494217230541665e-03
5.818045552414242809e-03
6.643567964582160201e-03
6.694378784977563814e-03
9.632203941888147977e-03
5.972480862447530556e-03
7.772663324186117155e-03
9.329505338527189010e-03
9.509202675654157208e-03
6.681054328927899313e-03
5.547057711842036908e-03
1.284644481274161039e-02
8.010617459174430507e-03
8.570947815286051111e-03
1.235795541860089386e-02
6.496957490349760181e-03
7.544325365878568057e-03
7.732063369585736104e-03
1.124450559958373001e-02
6.608982030117865891e-03
7.669746256110691537e-03
6.595549444750984334e-03
7.853974800298708925e-03
9.430397943694992027e-03
6.272647463449156774e-03
6.969493598040967658e-03
6.947797802415224891e-03
7.796956303686198436e-03
6.854520221747974380e-03
7.934394936160285572e-03
1.280268429234476292e-02
7.397778612552302971e-03
7.360558919977433327e-03
1.190782333954726151e-02
1.026635320469884531e-02
8.629394079198932435e-03
6.420433639299751721e-03
1.214191159694501601e-02
6.480527160191300144e-03
1.046584539189196993e-02
5.529723943460105456e-03
9.676961261447113508e-03
8.204453740969742601e-03
7.387151812562848391e-03
6.971997479991157674e-03
7.850238105448166526e-03
6.609521334124083582e-03
7.658356428146361958e-03
7.798580913850576210e-03
7.414281279733865408e-03
1.049880178848115568e-02
9.264931053218275828e-03
6.775643654388956681e-03
8.269040434077234297e-03
1.215965842256451664e-02
7.704707758851570866e-03
1.145583870682385930e-02
6.320683481079517052e-03
9.155694564970413146e-03
9.448622698240941031e-03
6.056539861872644974e-03
6.503418619089787640e-03
8.591064840260119115e-03
1.062434786322093323e-02
1.830629791953776106e-02
6.543396162514639701e-03
6.070655333523702901e-03
7.219008024376217907e-03
1.057702358996514061e-02
8.101876389862287461e-03
1.088286210404764386e-02
1.035545986182618769e-02
6.564658540900390575e-03
1.079362828542690389e-02
8.962517003021617384e-03
1.427647328317755565e-02
1.183243449961784988e-02
8.472915672429717077e-03
5.924140433273693447e-03
7.619842149243496836e-03
1.310697916415658366e-02
7.350327340092989610e-03
1.097908790158753402e-02
9.247339184921566160e-03
7.643750250929653295e-03
7.154170726195420264e-03
9.757872988091836550e-03
1.126941767069372831e-02
6.982983914342257188e-03
9.438520035531260816e-03
1.297915060036253232e-02
8.429409017657289380e-03
7.522691358434092056e-03
6.972895474127023888e-03
9.103559650997124914e-03
7.166065851060470469e-03
7.340709629035231838e-03
6.045387021385796936e-03
7.912247045205371421e-03
7.638532483931815588e-03
6.587548317885634844e-03
9.124741356561679936e-03
9.749327673770413066e-03
7.027746840278701300e-03
7.803481345129485020e-03
9.727126625504824153e-03
1.306560308036237676e-02
8.862685921168563657e-03
7.416989941998283764e-03
6.975125440276495371e-03
6.868097746726310217e-03
7.371824389637106345e-03
1.625323770659984832e-02
9.169299634966519147e-03
1.269014815587808653e-02
6.365650287359067572e-03
9.656541344552937653e-03
7.532162610257025701e-03
1.263705480216753378e-02
5.947056353682338668e-03
7.230689752810072306e-03
8.758792163121817756e-03
7.955851265699556002e-03
1.124867007578953665e-02
9.817383062131333771e-03
1.532735184277638288e-02
5.742078650705885294e-03
1.191872265374306454e-02
6.936415513553242061e-03
5.833400992473753224e-03
8.776157755072754030e-03
7.421711721632740649e-03
1.211035534887030564e-02
6.612869005392093408e-03
6.095405498353561463e-03
8.205374005702462462e-03
