1.771470407920308743e+00
1.470817596133392691e+00
1.264942969898185998e+00
1.107599216876643755e+00
1.033139801025390714e+00
9.119725557837156105e-01
7.800038139418800087e-01
7.043306822824005886e-01
6.377241720067392539e-01
6.362273490074837889e-01
6.206164614989025941e-01
5.163998688801680892e-01
4.200176522283270986e-01
3.258547707359389367e-01
3.110726979699465211e-01
2.632909746453313549e-01
2.053579637319734863e-01
1.852088073692699510e-01
2.163996753126087857e-01
1.092113211603447931e-01
5.726991939072561405e-02
4.505353876859834877e-02
2.721565708075419573e-02
2.219340706815814065e-02
1.583647249948860400e-02
1.336131426367429161e-02
1.287258795582421969e-02
1.107839345932006871e-02
1.173582403081478535e-02
8.267101512687041048e-03
1.300575417457240646e-02
7.613979161965964831e-03
4.424263920524332434e-03
3.846608131828874698e-03
5.168484077595248034e-03
4.266262467544857696e-03
2.993962817853039818e-03
7.839216616484198305e-03
4.888656587883977514e-03
4.624231233455167005e-03
4.278488538347848501e-03
3.241906466312927636e-03
3.347962069334370176e-03
2.280310209434811310e-03
2.336884260472684664e-03
2.440469726772591559e-03
5.393519068118368849e-03
4.281102829050309477e-03
2.638329654046804584e-03
2.192210490898330658e-03
1.875434660970574539e-03
1.787137557374368722e-03
1.571229524394073028e-03
1.862470543768146147e-03
1.449225728612134985e-03
1.619768345562538382e-03
1.535784884697139873e-03
1.630281900415326201e-03
1.298026891775650588e-03
1.522480917744117130e-03
1.085303410297573179e-03
1.227731172843734902e-03
1.066169603773862995e-03
1.140645920935243673e-03
1.283904862138304315e-03
1.292399302272513291e-03
1.042021287254767895e-03
1.178136279824936643e-03
1.222240541240956439e-03
1.177501364952266826e-03
1.318588675838885818e-03
1.323716737108655535e-03
1.238715648651123090e-03
1.259863350798588050e-03
1.162358295947018248e-03
1.114027154180082836e-03
1.074009427413491870e-03
8.441719106665932469e-04
1.242525759383593517e-03
9.213995852387777330e-04
9.655989079487205685e-04
1.144115518003997137e-03
1.173802245740253065e-03
8.456426847836759093e-04
1.084496149110912100e-03
1.253966020770592299e-03
8.529206295267190152e-04
9.074111275448657312e-04
1.246359970162410529e-03
1.105155891711168906e-03
1.536634033269221192e-03
1.188906966385864985e-03
1.292088343807966302e-03
1.034693080599945279e-03
9.227293239224075138e-04
1.210232757695830661e-03
9.055063718616372269e-04
7.866599938214415824e-04
1.017747030104741018e-03
6.860061281240812953e-04
9.414650573588834300e-04
9.793125904432617521e-04
9.130893533330152563e-04
8.034179300659954198e-04
9.982955282424935389e-04
7.633076538101281772e-04
7.843486392999639116e-04
8.791098334264047008e-04
8.684016376881316650e-04
8.685281186705768675e-04
9.399598316833524805e-04
8.233526408082187309e-04
1.051047872198690274e-03
9.620967754485584052e-04
9.289585773159962428e-04
1.102523352618854906e-03
1.545620331596029868e-03
7.362070023128301647e-04
8.175328189488685095e-04
7.915338482892159697e-04
9.837803808916913053e-04
8.862904208426428251e-04
1.314932161407305483e-03
1.058477664938067440e-03
9.134064050446642205e-04
8.715568184114918984e-04
7.507192210690809622e-04
9.986680867795896723e-04
8.043966615701665700e-04
6.803160016932109297e-04
7.603059402934395387e-04
8.072918926430220190e-04
7.034636978613267606e-04
7.896234604096648594e-04
1.292325025147730670e-03
8.961499880741137947e-04
7.444158639058028049e-04
8.997851816734465285e-04
6.259788768273768893e-04
7.003358629818009920e-04
7.964801633417016189e-04
9.455525030446524856e-04
7.760717284561384315e-04
8.937169991359852298e-04
7.931773264956946826e-04
6.594159741802970874e-04
8.263828657051123768e-04
7.879189593662129639e-04
7.391633133929555047e-04
1.039300187684521733e-03
8.151194228246660132e-04
8.291906299124849602e-04
7.727058530591501698e-04
8.499364359396519193e-04
9.280036360320478286e-04
6.570193824349063400e-04
6.746185740621963092e-04
9.264143939950678780e-04
7.025493567090223580e-04
6.873604942961494000e-04
6.011358914103838045e-04
1.223279869571180546e-03
8.200870623978057236e-04
1.011866869607774399e-03
1.211450505300913725e-03
7.901767914247984905e-04
8.750577079187525295e-04
9.031479956932587233e-04
1.081822814401423548e-03
6.675007301244405234e-04
7.872418343725771537e-04
8.556403938939075764e-04
1.010452260696651991e-03
9.157199910519146389e-04
6.737067207398981464e-04
7.134048323525060947e-04
9.877427047727130663e-04
7.939948230096609792e-04
2.599070903540837835e-03
7.864673797151830199e-04
1.006425063282546332e-03
8.847355049582991248e-04
7.980480402855589465e-04
6.792131626960075082e-04
8.525909616215394168e-04
7.422183096261307251e-04
8.173951842259652694e-04
6.486180247646746886e-04
8.044699999955620901e-04
8.155481096836599735e-04
6.442537309952301805e-04
7.872512250548541896e-04
7.106384668167275076e-04
8.164633323650548769e-04
7.957469155587771834e-04
6.554236746217944384e-04
6.654832604350430225e-04
8.540663462464171763e-04
7.525546254940552104e-04
5.994772501658685504e-04
8.601770468867651421e-04
7.407908484634786886e-04
6.530427124978292362e-04
7.010612526152393839e-04
6.914989561727731462e-04
1.245491806011978994e-03
7.823098819739747771e-04
6.791805092355992579e-04
9.948219421623957434e-04
8.628856261620427648e-04
7.157691966484088170e-04
7.823383656911330180e-04
1.034583586572420571e-03
8.461436238324287953e-04
7.457633253813970462e-04
9.193536060133782918e-04
7.794981803929451527e-04
1.081732022437718746e-03
7.709408473998012774e-04
6.503223340110023945e-04
8.615917682942777914e-04
1.204548246863454972e-03
9.565409162256977146e-04
5.863565933143738765e-04
6.580224057825484821e-04
9.213603645710662354e-04
1.049913097136091463e-03
8.443012483196683142e-04
7.519980671234650221e-04
6.500246796277489580e-04
7.256479933857917569e-04
9.349456222930757534e-04
7.053399292549284621e-04
7.536112856451828053e-04
9.944420270990618222e-04
7.634791481022787721e-04
8.271504267312512673e-04
1.004567338467234538e-03
1.509296283642254247e-03
7.078969592947771455e-04
8.378277173136720836e-04
7.959663388457629196e-04
8.067132204328433375e-04
9.795883467586914087e-04
7.713760369189895079e-04
7.156597339723370097e-04
7.698718458414077542e-04
6.255227851100486885e-04
6.610305869195721388e-04
8.915703208877308328e-04
8.852938429848982447e-04
8.094060096410241262e-04
6.842096566711321519e-04
5.239376521641665643e-04
7.067007298516755085e-04
6.571706513514612635e-04
6.415324654467035280e-04
8.668835136559929983e-04
7.366097320129376185e-04
7.294014354448507143e-04
6.480029295429144904e-04
8.804091206281492539e-04
7.678284946054515607e-04
8.374792422250946057e-04
6.901459159827468730e-04
6.817698238952324581e-04
6.466861131905329504e-04
1.073967626705618281e-03
7.751001543042682854e-04
6.419945434473528804e-04
8.319178928095514926e-04
1.156136638826072869e-03
6.750418020799608563e-04
6.864394697517451575e-04
1.050892492553385116e-03
8.126787951972224691e-04
7.968432463631771332e-04
7.939033837306617124e-04
8.215000133703251025e-04
7.331954186210537993e-04
6.164775903124620387e-04
1.166583735975298616e-03
8.386656254677489312e-04
8.528146357967121777e-04
6.172173241577525978e-04
8.093738190755985287e-04
6.829277584605877947e-04
6.330823341366087703e-04
8.860662505768313350e-04
5.899186697926852218e-04
6.412985614768349678e-04
6.986848696476161613e-04
7.639291373514893371e-04
7.965686131674463901e-04
8.563878623270752095e-04
7.639164787412869653e-04
6.381518972834738634e-04
7.796733760007536857e-04
7.991915660919529218e-04
6.963060283572366409e-04
6.348994625086831203e-04
8.022118488898371614e-04
8.516201989190413761e-04
6.362853719308824655e-04
1.015921940307805936e-03
9.086698053939507198e-04
1.032932442013580112e-03
6.085848288223294662e-04
8.912231496507578383e-04
7.802524705334464581e-04
6.146266650740462439e-04
6.303988065164868463e-04
7.003624213509039836e-04
7.542937274764079537e-04
5.977871855444246742e-04
6.311186985804303302e-04
6.243416412484528201e-04
5.488098792657994211e-04
6.287536205779207729e-04
6.534878478044330074e-04
7.909659554462621740e-04
6.525597802483209609e-04
6.713358888236602975e-04
5.275630751753798003e-04
7.461788261880968965e-04
9.555518055463780962e-04
6.658849592256074149e-04
8.629265988227164275e-04
6.748877262862601825e-04
9.116840465824202749e-04
5.392319402924858427e-04
5.709720683274883014e-04
7.484360478154503853e-04
6.376580141558505768e-04
6.323848491405496992e-04
6.487369445143360098e-04
6.707884371280669949e-04
6.784452770901197973e-04
6.949056769804199665e-04
1.001087513447988233e-03
6.018776686327292728e-04
7.569140155274089185e-04
1.634192798692401085e-03
5.785295241835093595e-04
7.148739208679388531e-04
8.020312018176117006e-04
8.356902563926017465e-04
7.450845018766894283e-04
6.441179257218199866e-04
8.263888667420586078e-04
7.441642814048445888e-04
7.405284312692019455e-04
1.026699264155756137e-03
1.048271824596542015e-03
9.856047532936134184e-04
8.051560583091018101e-04
7.921762155866858860e-04
5.835713468270726633e-04
2.090357878420612443e-03
5.635991120840062700e-04
7.511617597376946034e-04
6.622884348772540251e-04
6.868453585717937317e-04
6.132295539621079221e-04
6.817683891052066280e-04
8.988939096579457583e-04
1.214501929312649395e-03
5.605282557040158200e-04
7.108796627657248783e-04
6.953067616513459700e-04
7.806317641003297217e-04
7.140767548491458753e-04
6.711904162375054031e-04
7.423351546472842363e-04
7.803297334230772236e-04
6.839944123484120861e-04
9.458875302040930513e-04
8.972036809024244589e-04
6.088334366236582661e-04
5.909950536961602321e-04
7.424635867966283874e-04
8.559373659220071871e-04
9.403461627293341297e-04
8.608899438882818694e-04
7.264807599015755263e-04
6.016357608213283512e-04
7.326218714513400496e-04
7.581349683575110826e-04
6.364625998505271795e-04
8.433376485020806961e-04
7.422112094441263210e-04
7.483848674905181630e-04
7.939727571193534250e-04
8.735123837348258242e-04
9.430458289709421236e-04
6.932049325787195421e-04
9.271759115675887999e-04
9.966045267658658457e-04
6.426112855424974879e-04
6.910457451007153340e-04
6.892423265346205898e-04
6.666926095391264000e-04
7.938925029322652050e-04
6.040446902855787841e-04
6.917345973819789004e-04
6.606902373899328166e-04
6.273088441921932873e-04
5.867664453269231910e-04
7.335472224962593475e-04
1.475357365711490662e-03
6.916729807116017183e-04
7.919565580859042227e-04
1.128320102718206918e-03
9.243569899313520445e-04
8.250726497556903774e-04
7.488933032249460615e-04
1.226528125381705836e-03
7.640506205434846035e-04
8.302858191551548911e-04
7.919040093622585399e-04
6.993719625591051856e-04
6.902432972841923784e-04
6.575948180686129116e-04
8.202899782226817649e-04
8.793947037936437287e-04
1.094743989334248007e-03
2.433587651294056523e-03
7.288016212901266087e-04
8.137604313911778403e-04
7.466012390680832039e-04
8.100181541377955404e-04
8.013192564249038696e-04
7.948451961326127250e-04
1.041230500334560218e-03
6.503740380896200039e-04
5.873015261080005147e-04
8.515013879773640536e-04
7.513013530043091692e-04
8.942781458839331671e-04
5.577499120689855113e-04
7.391088466980669496e-04
8.110251849388132274e-04
5.909823176294269793e-04
1.137583822675860765e-03
8.388872322912263677e-04
6.925766771235088246e-04
7.839965495732751461e-04
7.768644388801980742e-04
6.540951641774413270e-04
7.032426166357379953e-04
7.787977409834909463e-04
7.158396120118623194e-04
5.945573459462363992e-04
6.737092841822322001e-04
8.030133727605979869e-04
7.859112639533410950e-04
7.633645530089293307e-04
6.866091770110744437e-04
7.911591744511434644e-04
9.765798760817782920e-04
8.504587363931211856e-04
8.146462500980585072e-04
1.012156981200274843e-03
6.781336989733252173e-04
6.864859252282888655e-04
6.911323009298579734e-04
9.572530829227796773e-04
6.329628574376058772e-04
1.064392077819545672e-03
5.703279305950250061e-04
7.397971641604262922e-04
1.296121261940144176e-03
9.737446092733061977e-04
6.576271580144910697e-04
7.299513565284190429e-04
7.341828418545203383e-04
7.922866169621449028e-04
6.831797927913099353e-04
6.952076265127352323e-04
6.876717625868202389e-04
7.143194335374501236e-04
6.694923717491697976e-04
7.724420213610818774e-04
6.815495172349533707e-04
9.489323870085253658e-04
6.682753157202560041e-04
8.204760324984493487e-04
8.002879946391181420e-04
7.290146027756209176e-04
1.083380977927458086e-03
6.605824068336203390e-04
7.668535787575315489e-04
7.889681800019622548e-04
6.203885457598337389e-04
1.362921893227808569e-03
7.348832720429589920e-04
8.158414449432108400e-04
7.626964867410093588e-04
6.765479812085038779e-04
8.413416582463991268e-04
1.580425871923418334e-03
5.798166654635184165e-04
7.029282205765790452e-04
7.604779970675412323e-04
5.632116136574509026e-04
7.382332319670384911e-04
6.376234574778245337e-04
9.059167586930907652e-04
7.178549350488304392e-04
5.837437595323760782e-04
7.616756483912467957e-04
8.313393109653255961e-04
6.364924464337896794e-04
8.402354775531457312e-04
9.402967897234577139e-04
6.720174546584044718e-04
6.539834478851592071e-04
7.861064525671524394e-04
6.498164100812213679e-04
1.122229607167220342e-03
7.894929461550004128e-04
7.746658684446080124e-04
8.540589731223512419e-04
9.086483444022660019e-04
7.770940015959267163e-04
8.415830552135363483e-04
6.062451233663180769e-04
9.723881241118553700e-04
7.345074769293907487e-04
6.424447632219531298e-04
7.551822239662160912e-04
8.415103585708259837e-04
6.585057013400710726e-04
7.129644919740091248e-04
7.596712172178939114e-04
6.110812620361253007e-04
9.572954479568075411e-04
7.294316951296117525e-04
6.234736670509422995e-04
8.588908940996274090e-04
5.475963954583252863e-04
1.116046493891442162e-03
8.332526901423340524e-04
1.003578343972711187e-03
7.672978546654823841e-04
7.477160119036636507e-04
1.063561279068488781e-03
6.758886767495976902e-04
1.083103023321911867e-03
8.099038485843356675e-04
6.887778676677458207e-04
1.299498663606620018e-03
8.699751191652647236e-04
7.646651514390907442e-04
1.379057833242534371e-03
6.974957846473939498e-04
8.037982840496714701e-04
6.862619633574297117e-04
6.322636186043814653e-04
8.308779356060641335e-04
1.485484770250202402e-03
1.304738251215750624e-03
6.096174626952351140e-04
7.045859821362070825e-04
7.850601310187047509e-04
6.941036920588795553e-04
8.503913012619066262e-04
8.344425552404752516e-04
5.323633791344000886e-04
9.538594873087241242e-04
7.343011862128087652e-04
7.040920381498808446e-04
5.813488552328384103e-04
6.571412234023066117e-04
7.120334220552207872e-04
7.008683452806850102e-04
7.395278164508318781e-04
7.072889476571933131e-04
6.407533781510768404e-04
5.682534049495611972e-04
1.570088674526403348e-03
7.766463526404730061e-04
7.683559200993858671e-04
7.649284483182548127e-04
6.390531630356713301e-04
7.513683621246036119e-04
8.111793990477477335e-04
7.434096445541571148e-04
7.795885942950106680e-04
8.355155365891975532e-04
1.135322138076961564e-03
7.004928101997563933e-04
6.569054789177261686e-04
1.020671279713659041e-03
6.755994337767657352e-04
6.363533308157826290e-04
5.999613627053723393e-04
6.292422827665168162e-04
6.466800144108215574e-04
6.615674215378148032e-04
