1.319929513836851198e+00
5.851469927495068779e-01
4.251961575876367916e-01
3.653120069220514576e-01
3.358093535546028963e-01
2.760163071131942480e-01
2.312015221850706737e-01
1.807338327464490801e-01
1.719095721103177099e-01
2.319406424418534451e-01
2.448083207158759100e-01
2.029760747852892011e-01
1.410333236845413007e-01
1.149114426999989086e-01
1.226119020197651149e-01
9.656126168694827150e-02
1.045503698953307442e-01
1.043646524448205992e-01
1.088358789387315756e-01
5.644454200669090510e-02
3.763561744501094791e-02
3.585572531907865040e-02
2.077049539230837669e-02
2.029265631543527779e-02
2.496623070818362877e-02
1.659114139504952110e-02
1.951207326780451251e-02
1.414440907169096581e-02
1.495783851288332716e-02
7.410732855891236960e-03
1.917955226237231039e-02
1.215560923118402456e-02
5.831820215329085004e-03
3.822920921415385448e-03
4.508410799916428256e-03
6.596664398318469701e-03
6.353304129425842162e-03
6.751094378604747398e-03
7.332638510973146437e-03
6.168542027768521806e-03
4.316966574971038868e-03
5.507870881569267886e-03
5.989489652732811129e-03
5.043738327994204580e-03
5.112252399177834306e-03
2.242360684541192493e-03
3.534279881727577649e-03
4.760468529887719111e-03
1.959512187260212170e-03
2.401700033114688177e-03
1.846748822838953277e-03
1.614232730157304577e-03
1.436912308972660866e-03
1.540448258418847987e-03
1.448342646702681456e-03
1.773905647125574581e-03
1.493385482099976978e-03
2.227050648762447793e-03
1.534748468363639163e-03
3.849823459392727031e-03
1.694149726835807949e-03
1.332023820959695511e-03
1.096254170383557155e-03
1.348952738807933068e-03
1.240242678340118792e-03
1.507808312331095687e-03
1.911868693509904396e-03
2.329092417465578220e-03
1.304749797771472810e-03
1.386871211009450388e-03
1.346509062712735469e-03
1.177152987606454619e-03
1.928362786991171321e-03
1.434417131661188576e-03
1.410829205766762733e-03
1.160958368736918515e-03
1.097671938414620900e-03
1.061823263321772740e-03
1.429485607117709492e-03
1.201054686219385362e-03
9.920982699288000833e-04
1.478142656459666788e-03
1.163955836898029547e-03
8.979614031049284149e-04
1.187927829157007890e-03
1.408882656752473124e-03
9.577656736468325056e-04
9.541603985546839514e-04
1.153077111385836500e-03
1.037269799352282451e-03
5.648116330330324626e-03
2.108906345939872470e-03
1.352213324960505666e-03
1.096996886305289616e-03
8.656950464638153101e-04
1.534819116096685417e-03
9.970254015804517426e-04
7.120095156502015670e-04
1.006339422178150486e-03
1.059282224367160633e-03
8.915462503486340810e-04
9.102074503160938841e-04
7.678088778168848600e-04
9.159181691189803706e-04
9.624316071224684301e-04
1.021581467720541689e-03
7.294495931208723645e-04
9.012095206002197637e-04
9.782551741688559101e-04
7.228833909081940632e-04
7.835342447356422437e-04
9.336183714394522123e-04
1.175337465535296116e-03
1.112719829941149954e-03
1.144560776872209987e-03
1.412919930892415563e-03
2.423935953417036618e-03
9.764092153694370422e-04
1.003569709413712615e-03
1.048018908736729482e-03
8.284729951531580316e-04
1.151638216163852410e-03
2.991431103189392919e-03
2.350544177069522223e-03
1.017730922834708066e-03
9.718678504376128662e-04
9.353254488346600653e-04
8.856839564914750643e-04
8.071144913682843291e-04
7.593881338834763007e-04
8.128552245769169815e-04
1.241569355646572398e-03
7.454907355627211039e-04
1.125320679701790911e-03
1.137800651169059221e-03
1.216759256059580423e-03
9.384091685313989805e-04
1.027488832057702698e-03
9.675679285780037836e-04
7.553377216405207997e-04
8.673671798983422811e-04
6.692837610250652403e-04
6.274159001831960871e-04
9.722102931377911037e-04
9.800761311066033023e-04
6.450242538115765834e-04
1.018366757964733879e-03
1.195160476583065345e-03
1.036067736694718357e-03
1.022933853218461120e-03
1.005529698980326759e-03
9.272187726922555013e-04
9.504257378601791741e-04
1.064197538365231968e-03
8.386781346974986340e-04
6.938881471310511927e-04
9.244759354998569566e-04
7.193100555698470327e-04
7.642048217429973141e-04
1.068570518331362447e-03
6.546804054391266482e-04
1.012266836691610907e-03
1.246929006411297411e-03
1.352948402192923148e-03
6.971051510755378773e-04
1.011484754410120522e-03
8.842131196714863835e-04
9.712510364185465792e-04
8.392289299333449779e-04
7.016813105875902663e-04
8.844925496395272119e-04
1.102649040593959217e-03
8.849021840361085290e-04
2.013619111316038764e-03
1.044242130131414672e-03
6.364855583351437460e-04
9.368717762650829572e-04
7.776512460100768647e-04
1.784027655525962817e-03
9.200367080693198094e-04
1.035799949180961918e-03
9.676778098881834390e-04
1.256748145022014602e-03
8.730122081861637793e-04
7.488542817311711307e-04
1.151981461092387200e-03
1.004525381002095577e-03
9.525068196477276105e-04
7.772175761142579393e-04
1.545975029025927708e-03
5.830384403614714871e-04
7.394334043164064790e-04
1.128467751464041135e-03
8.942932148676107891e-04
9.533420426420646104e-04
7.366271652650125106e-04
9.085646710625969267e-04
9.385682181409089582e-04
8.328547922543960442e-04
7.286241849755296669e-04
1.252378982556338330e-03
9.460428139508361136e-04
8.073897331510440428e-04
8.515634048398178701e-04
8.739417105323017644e-04
1.449845408522846581e-03
1.913849979934125834e-03
1.051441216749129893e-03
1.124534641604612271e-03
9.064930592580596911e-04
6.118297945744920717e-04
7.766973614545152112e-04
2.320114561900643926e-03
9.207330625688675899e-04
8.004233554595767885e-04
9.736492233996344456e-04
8.895863585247852081e-04
8.465140744453609339e-04
8.083393022713094775e-04
9.184972558281209471e-04
9.113316912904824646e-04
1.618458210758053507e-03
1.036587010810870917e-03
6.633400437560412182e-04
6.927591056959463926e-04
9.683396741010174376e-04
9.765807852739154509e-04
8.328138841408313587e-04
6.930532745353066041e-04
8.397842158037836921e-04
9.375070913298295169e-04
1.001864240163623677e-03
6.516210790170301297e-04
7.569905481126049194e-04
1.287664135567622662e-03
6.250260785074517218e-04
1.195808216044218133e-03
2.194850642861116263e-03
1.313623007718879446e-03
8.842466657262037545e-04
1.336783714739993127e-03
8.356270629285585507e-04
8.592905808645900098e-04
7.985897565094551712e-04
1.129758706556098372e-03
6.909645632794587412e-04
1.081292895544873692e-03
1.535554329800133556e-03
6.502587366664763216e-04
9.166386900561871061e-04
1.057048197282422922e-03
7.985340099376026565e-04
1.058058051558414397e-03
6.681951399118003614e-04
7.774792279642407742e-04
1.146968072372497914e-03
6.435880898544104299e-04
1.001379766160308748e-03
7.979592142423780647e-04
1.055773758873491041e-03
6.506687546573063433e-04
1.192897294491234404e-03
9.685356501895602552e-04
9.956585206460245169e-04
7.221562142419342542e-04
8.561604130681198721e-04
8.918346542090472727e-04
1.038279399128243501e-03
7.556585724105929725e-04
8.953591255415784119e-04
8.441645098794805461e-04
7.937156770489003010e-04
7.198091872995442207e-04
8.417384182610133589e-04
1.306519581761100574e-03
8.064863391884483004e-04
6.859641817241611712e-04
1.184052280565299617e-03
7.071673003311204067e-04
7.272649833028859822e-04
9.051217669897740434e-04
9.058154584600193243e-04
9.331584050513729890e-04
8.292845275142405248e-04
8.636401800235899394e-04
6.915944195029758877e-04
8.148940870224839804e-04
6.765151673024243388e-04
1.164679883951597961e-03
6.967984121477250117e-04
7.342986891617869728e-04
6.914651390201974205e-04
8.953774440111500477e-04
6.666817361175423782e-04
7.977489271376392646e-04
8.380996432192255223e-04
9.396431617217488284e-04
1.278280426222499046e-03
7.505862724663007416e-04
7.682205389926929397e-04
9.386259693615507790e-04
8.031169413635046031e-04
8.545471908579958462e-04
1.338611607725667500e-03
9.547969400145040050e-04
9.205709239191347789e-04
1.088863946866280939e-03
1.010218152020237337e-03
9.295595533186846483e-04
7.873881552921663642e-04
7.531223246956815325e-04
8.124909963053052056e-04
8.561855200493689953e-04
7.016334221652239037e-04
7.759975693603553618e-04
6.781999169304819440e-04
6.998300902766757016e-04
6.344194256580702046e-04
1.591940449163465124e-03
9.060349794897702225e-04
1.038600314445424760e-03
7.240015994941834034e-04
7.272004195959261503e-04
7.770820788227685277e-04
7.080136420260561923e-04
1.293339333174252197e-03
7.909613080544046493e-04
1.143106606115799114e-03
7.126563994011076613e-04
1.051523883153896539e-03
6.994128135023730541e-04
6.705660446740612608e-04
1.045113304021334875e-03
6.606840648420966768e-04
9.761265875531894903e-04
7.833074944296685533e-04
7.638451670951182078e-04
7.125888388640809566e-04
7.800757460812530672e-04
1.938505074249045586e-03
7.934410309437477625e-04
8.829408832410774169e-04
1.121450514338984345e-03
5.809882268457129510e-04
8.729608581945447155e-04
1.159534328571050401e-03
8.907903373093887817e-04
1.179129835033770760e-03
6.384716212454408799e-04
8.200703188776970343e-04
7.142547407362721205e-04
1.031525097418539531e-03
9.022559564892608693e-04
1.428696435719433323e-03
8.991430762528193057e-04
7.593107695626740219e-04
7.072558792510835659e-04
7.152691059330902471e-04
1.589720589247080361e-03
7.381217517327553655e-04
7.171732954459615183e-04
7.134524035719361224e-04
6.816599020125842408e-04
6.747167926318575109e-04
7.729704574783249644e-04
1.092410216679667520e-03
1.025517880547754815e-03
6.802590213494725440e-04
7.160755316957389139e-04
7.806306852415056128e-04
7.281860336661339240e-04
8.838530500779057802e-04
6.734945636131976299e-04
8.347689146452610606e-04
6.713001334136075270e-04
8.989168201932812774e-04
1.075172186414204058e-03
1.055040559039847762e-03
6.727659558453182335e-04
6.538577580658516122e-04
8.830365162379671083e-04
9.807815203572262889e-04
1.130260149072302364e-03
8.275138841259597165e-04
1.076186203056632949e-03
6.514438547857917669e-04
7.588423659453297264e-04
1.034896562595178553e-03
8.615617317580940605e-04
8.817613751876472294e-04
8.110872442179386729e-04
7.915831180197178052e-04
1.252684391813703012e-03
8.666818518892373258e-04
1.216662815301725086e-03
8.197125231865609162e-04
1.644246979146310505e-03
1.116438446068527580e-03
5.867303376740748335e-04
8.759515968584778191e-04
8.295172862339728233e-04
8.462411913983892888e-04
8.803620952928420699e-04
7.425078329178365875e-04
8.400887029595894206e-04
8.453590592535415891e-04
8.345449140461364121e-04
7.571302557198127938e-04
7.871311250151974631e-04
7.529590739914686446e-04
6.841949639048906405e-04
8.095011225726344564e-04
1.614183587676817737e-03
1.937296602985646467e-03
9.979325650942207516e-04
9.720724942808104405e-04
1.445345903313396095e-03
9.392566480996585422e-04
8.144409570953634004e-04
7.719891772854446232e-04
9.339746050905472878e-04
1.069776734134348295e-03
7.248352198760107988e-04
5.527356602620370467e-04
1.231065617486982056e-03
7.587167812455998875e-04
3.128060805472997110e-03
1.210742821861611647e-03
1.046756228966878258e-03
6.882305874830425352e-04
1.258363967558535001e-03
1.000803913736697396e-03
8.374506792072021998e-04
1.203466896520982926e-03
7.224000271151561443e-04
7.310282475877516190e-04
1.446605859195241759e-03
8.432578424563502663e-04
2.541834772518365877e-03
6.575815287409442211e-04
8.499031240987305839e-04
1.327386872824465975e-03
7.894614526983535037e-04
1.136789233008823853e-03
7.718083273508761361e-04
5.925734130905406082e-04
1.002331741965643190e-03
8.639927529314957470e-04
7.474776781579055632e-04
8.241958049411820739e-04
8.840560027868440323e-04
7.435688324789009249e-04
7.827326231221161477e-04
1.037198056162583941e-03
9.799501093307344014e-04
1.155473491047868560e-03
6.945471841805051600e-04
7.463014822932752994e-04
6.725683291949847639e-04
1.017180363656860825e-03
1.103082492873810362e-03
8.271271879277606849e-04
8.450460574119397989e-04
8.101492290302078018e-04
9.500131011009216742e-04
7.359971891682927456e-04
8.640092142885274617e-04
7.011764396977896493e-04
9.938076378242803512e-04
7.105380979062306821e-04
7.372444218928270610e-04
9.408033665011425158e-04
6.317683117519510769e-04
7.837796878844205048e-04
6.647095157958493724e-04
8.762523568797820185e-04
9.937203406254844357e-04
8.451872071859859890e-04
7.112268284700884544e-04
8.329528595994014012e-04
9.310187181771392142e-04
7.012770667967229256e-04
6.015880605076799354e-04
3.353793258861740081e-03
1.161468491917199385e-03
9.846477428137666126e-04
6.281135880415982930e-04
9.111312264115503439e-04
7.585099815289572710e-04
1.276349261550620111e-03
8.269928487958294388e-04
1.212728466137801041e-03
9.671989035340819224e-04
6.651104658399477863e-04
1.212554032185880282e-03
6.657319696675432271e-04
1.311095501526747618e-03
9.905599647819405499e-04
7.741540965467396665e-04
7.449347009458164113e-04
1.688210905926062350e-03
7.027544228747339148e-04
7.781265838311450739e-04
1.013366776601512835e-03
6.560992670826392564e-04
1.142549055563931359e-03
9.086212014207745635e-04
1.015760712694413568e-03
8.181483328047365559e-04
7.009447137318034794e-04
7.227737751632633441e-04
1.234393828723690228e-03
1.242437103007099477e-03
1.581891674068894652e-03
1.269230259453306160e-03
5.715628587963557123e-04
8.484902653363671655e-04
7.349477933332471949e-04
8.613092474418111710e-04
1.240557738312400137e-03
6.739370414231083198e-04
7.422144128249423545e-04
9.829345813924723375e-04
1.069590454865800228e-03
6.476279034620463981e-04
9.537445473493915814e-04
8.744583806336516003e-04
1.455087345646749594e-03
6.368587014846282179e-04
1.145724140771544903e-03
9.071009418014252439e-04
9.542791283514240417e-04
6.543811023382857354e-04
6.837517963630138562e-04
8.165085393160876346e-04
7.054178191736193036e-04
1.047084611462484587e-03
7.806686795141437249e-04
6.432324389715006257e-04
9.814217336254545555e-04
6.234075228619103196e-04
2.550235884909582765e-03
8.290395952097259638e-04
9.838066423440924597e-04
8.899988772550431566e-04
7.839713817333230717e-04
1.244436990063969416e-03
7.702031016054719861e-04
7.820108997644764420e-04
1.078545829594725362e-03
7.094028193761806565e-04
8.408778374738032704e-04
7.633137396804176664e-04
1.023666566182481223e-03
1.005087896148757192e-03
1.071323469133660415e-03
8.228312403258710708e-04
1.013290089103254963e-03
1.031481668279312638e-03
7.701246658026581924e-04
8.645705030401154741e-04
1.444698931040740283e-03
7.079201685910177858e-04
9.215857391015137628e-04
8.965895114706294577e-04
8.139245248962157344e-04
1.129968597157166672e-03
1.023769161046141378e-03
6.304373669594820831e-04
8.362393678710012537e-04
8.048104767752166247e-04
6.871903905331498306e-04
1.016586952575362652e-03
7.710452551151266570e-04
1.064803038198168820e-03
8.216882493383813194e-04
8.860015633082626418e-04
7.693515481925247267e-04
9.282462723036803394e-04
7.614530567633043864e-04
2.599316437055568772e-03
7.273874771181899207e-04
7.668767235066631036e-04
9.284171727624270431e-04
7.949980234008024484e-04
7.494459906131914701e-04
9.885295985801385073e-04
6.758297101991011038e-04
9.382666374492173176e-04
9.318488806781202597e-04
1.162033245926446341e-03
6.942357296253194414e-04
6.002402596987120110e-04
7.948438830599926889e-04
7.150430121634265748e-04
6.939993230718196704e-04
7.739338286147259653e-04
6.224527125163833606e-04
8.056610232532614548e-04
1.201383081624413486e-03
